function c = c
c = 299792458; % m/s
end

