function e_0 = e_0
e_0 = 8.854187 * 10^-12; % F/m
end

